*----0---><----1---><----2---><----3---><----4---><----5---><----6--->
MSH             -5.0      -5.0       8.0       5.0       5.0      9.0
                   1         1       300        -1    ENERGY      emsh
*----0---><----1---><----2---><----3---><----4---><----5---><----6--->
CYL              0.0       0.0       0.0      40.0      6.29      15.0
                4000         1      3000        -1    ENERGY      ecyl
*----0---><----1---><----2---><----3---><----4---><----5---><----6--->
CYL              0.0       0.0       0.0      40.0      6.29      15.0
                4000         1     3000        -1       DDD      dcyl


