*---><---><--------><------------------------------------------------>
    0    0           C12 200 MeV/A, H2O 30 cm cylinder, r=10, 1 zone
*---><---><--------><--------><--------><--------><--------><-------->
  RCC    1       0.0       0.0       0.0       0.0       0.0      60.0
                50.0
  RCC    2       0.0       0.0     -15.0       0.0       0.0      70.0
                60.0
  RCC    3       0.0       0.0     -20.0       0.0       0.0      80.0
                70.0
  RPP    4     -10.0      10.0     -10.0      10.0      -0.3       0.0
  END
  001          +1     
  002          +2     -1   -4
  003          +3     -2   -4
  004          +4  
  END
    1    2    3    4
    1 1000    0    2

